0 background 0 0 0 0
1 H01 255 128 128 255
2 H02 247 116 116 255
3 H03 239 105 105 255
4 H04 231 94 94 255
5 H05 223 84 84 255
6 H06 215 74 74 255
7 H07 207 65 65 255
8 H08 199 56 56 255
9 H09 191 48 48 255
10 H10 183 40 40 255
11 H11 175 33 33 255
12 H12 167 26 26 255
13 H13 159 20 20 255
14 H14 151 14 14 255
15 H15 143 9 9 255
16 H16 135 4 4 255
17 H17 128 0 0 255
18 M01 255 212 128 255
19 M02 243 199 111 255
20 M03 232 186 95 255
21 M04 220 174 80 255
22 M05 209 161 66 255
23 M06 197 149 54 255
24 M07 185 138 42 255
25 M08 174 126 32 255
26 M09 162 116 22 255
27 M10 151 105 14 255
28 M11 139 95 6 255
29 M12 128 85 0 255
30 P01 213 255 128 255
31 P02 194 239 105 255
32 P03 177 223 84 255
33 P04 160 207 65 255
34 P05 143 191 48 255
35 P06 128 175 33 255
36 P07 113 159 20 255
37 P08 99 143 9 255
38 P09 85 128 0 255
39 R01 128 255 128 255
40 R02 97 234 97 255
41 R03 71 213 71 255
42 R04 48 191 48 255
43 R05 28 170 28 255
44 R06 12 149 12 255
45 R07 0 128 0 255
46 S01 128 255 212 255
47 S02 113 245 201 255
48 S03 100 235 190 255
49 S04 87 226 179 255
50 S05 75 216 169 255
51 S06 63 206 158 255
52 S07 53 196 148 255
53 S08 43 186 139 255
54 S09 34 177 129 255
55 S10 26 167 120 255
56 S11 18 157 111 255
57 S12 11 147 102 255
58 S13 5 137 93 255
59 S14 0 128 85 255
60 V01 128 212 255 255
61 V02 116 204 248 255
62 V03 106 195 240 255
63 V04 96 187 233 255
64 V05 86 179 225 255
65 V06 77 171 218 255
66 V07 68 163 210 255
67 V08 60 155 203 255
68 V09 52 147 195 255
69 V10 44 140 188 255
70 V11 37 132 180 255
71 V12 30 125 173 255
72 V13 24 118 165 255
73 V14 19 111 158 255
74 V15 13 104 150 255
75 V16 8 98 143 255
76 V17 4 91 135 255
77 V18 0 85 128 255
78 W01 128 128 255 255
79 W02 112 112 244 255
80 W03 97 97 234 255
81 W04 84 84 223 255
82 W05 71 71 213 255
83 W06 59 59 202 255
84 W07 48 48 191 255
85 W08 38 38 181 255
86 W09 28 28 170 255
87 W10 20 20 159 255
88 W11 12 12 149 255
89 W12 6 6 138 255
90 W13 0 0 128 255
91 Y01 213 128 255 255
92 Y02 199 111 243 255
93 Y03 186 95 232 255
94 Y04 174 80 220 255
95 Y05 161 66 209 255
96 Y06 149 54 197 255
97 Y07 138 42 185 255
98 Y08 126 32 174 255
99 Y09 116 22 162 255
100 Y10 105 14 151 255
101 Y11 95 6 139 255
102 Y12 85 0 128 255
103 Z01 255 128 213 255
104 Z02 248 116 204 255
105 Z03 240 106 195 255
106 Z04 233 96 187 255
107 Z05 225 86 179 255
108 Z06 218 77 171 255
109 Z07 210 68 163 255
110 Z08 203 60 155 255
111 Z09 195 52 147 255
112 Z10 188 44 140 255
113 Z11 180 37 132 255
114 Z12 173 30 125 255
115 Z13 165 24 118 255
116 Z14 158 19 111 255
117 Z15 150 13 104 255
118 Z16 143 8 98 255
119 Z17 135 4 91 255
120 Z18 128 0 85 255